15874.010546400668        1.0000000000000000       9.99999997475242708E-007
693.14484571882633        2.0000000000000000       3.16227763092821740E-007
166.85104486392106        3.0000000000000000       9.99999984031655159E-008
73.680630344324101        4.0000000000000000       3.16227758841586089E-008
43.287613042316472        5.0000000000000000       9.99999970588067690E-009
29.765980582572187        6.0000000000000000       3.16227754590350507E-009
22.532899199983543        7.0000000000000000       9.99999957144480593E-010
18.168046626485229        8.0000000000000000       3.16227750339115006E-010
15.302610683505840        9.0000000000000000       9.99999943700893563E-011
13.301714471781922        10.000000000000000       3.16227746087879559E-011
