           0 -0.32250881     -0.32250881195068359     
           1  6.23912811E-02  6.23913606007895361E-002
           2 -1.45885944E-02 -1.45886739095053564E-002
           3  3.73983383E-03  3.73990573580318397E-003
           4 -1.01208687E-03 -1.01194824631356539E-003
           5  2.83956528E-04  2.84011930627325881E-004
           6 -8.15391541E-05 -8.15152987660994199E-005
           7  2.40802765E-05  2.40814563920999092E-005
           8 -6.91413879E-06 -6.97641277191962672E-006
           9  2.38418579E-06  2.28646048716640848E-006
          10 -4.76837158E-07 -5.07104464197993821E-007
          11  2.38418579E-07  3.43110955647318860E-007
          12   0.0000000      8.23782269065986839E-008
          13   0.0000000      1.62851291563015366E-007
          14   0.0000000      1.37876892125632367E-007
          15   0.0000000      1.45664607931195178E-007
          16   0.0000000      1.43226030147047823E-007
          17   0.0000000      1.43992440637674690E-007
          18   0.0000000      1.43750779724172162E-007
          19   0.0000000      1.43827202148116839E-007
          20   0.0000000      1.43802970864470581E-007
          21   0.0000000      1.43810672259547800E-007
          22   0.0000000      1.43808219110752589E-007
          23   0.0000000      1.43809002484118764E-007
          24   0.0000000      1.43808752017804409E-007
          25   0.0000000      1.43808831953862182E-007
          26   0.0000000      1.43808806196688010E-007
          27   0.0000000      1.43808814190293788E-007
          28   0.0000000      1.43808811525758529E-007
          29   0.0000000      1.43808812413936948E-007
          30   0.0000000      1.43808811969847739E-007
          31   0.0000000      1.43808811969847739E-007
          32   0.0000000      1.43808811969847739E-007
          33   0.0000000      1.43808811969847739E-007
          34   0.0000000      1.43808811969847739E-007
          35   0.0000000      1.43808811969847739E-007
          36   0.0000000      1.43808811969847739E-007
          37   0.0000000      1.43808811969847739E-007
          38   0.0000000      1.43808811969847739E-007
          39   0.0000000      1.43808811969847739E-007
          40   0.0000000      1.43808811969847739E-007
          41   0.0000000      1.43808811969847739E-007
          42   0.0000000      1.43808811969847739E-007
          43   0.0000000      1.43808811969847739E-007
          44   0.0000000      1.43808811969847739E-007
          45   0.0000000      1.43808811969847739E-007
          46   0.0000000      1.43808811969847739E-007
          47   0.0000000      1.43808811969847739E-007
          48   0.0000000      1.43808811969847739E-007
          49   0.0000000      1.43808811969847739E-007
          50   0.0000000      1.43808811969847739E-007
